2.98968862
2.14716940
2.12670448
2.10871331
1.92113416
1.69720531
1.53808456
1.42466736
1.35235438
1.29480689
1.22890781
1.19377724
1.15345177
1.13526180
1.10461510
1.08865891
1.06076232
1.05245510
1.02486279
1.00950554
1.00779322
0.99068619
0.97212528
0.96894056
0.95896919
0.93879097
0.93033350
0.92348909
0.90454550
0.89896570
0.89851177
0.87229232
0.87332034
0.86516850
0.86427643
0.85227349
0.83823701
0.83651520
0.83177853
0.82428517
0.82422044
0.81942669
0.80280492
0.79896089
0.79510612
0.79319470
0.78705843
0.77985264
0.77170172
0.76654419
0.76841839
0.75568118
0.74499754
0.74813249
0.73263853
0.73763625
0.72766954
0.72485803
0.72658649
0.70664329
0.71011362
0.70884094
0.70774528
0.69158813
0.69741230
0.68721934
0.68529136
0.67944426
0.67731342
0.67671220
0.67039079
0.66362857
0.66813697
0.66007330
0.65753164
0.64819378
0.65521404
0.65202441
0.64927227
0.64632204
0.64152117
0.64113464
0.63408177
0.63367890
0.63213961
0.63063159
0.62975862
0.63380258
0.62361915
0.62661451
0.62468292
0.62401814
0.62146335
0.62344564
0.62213923
0.62720896
0.61528038
0.62009024
0.61719223
0.62036552
0.61507776
0.61314825
0.62590022
0.62180748
0.61746361
0.61601758
0.62146248
0.61533794
0.61888818
0.61833212
0.62514546
0.61997784
0.62038238
0.62102719
0.62298899
0.62084468
0.62410069
0.62510308
0.62699941
0.62984825
0.62673462
0.62818644
0.62874724
0.63579400
0.63151122
0.63054985
0.63708278
0.63507828
0.64343804
0.64206742
0.63622080
0.64583713
0.64477576
0.64873615
0.64730057
0.64880511
0.65550488
0.65258112
0.66065440
0.65826131
0.66278809
0.66265486
0.66707896
0.67131229
0.66903738
0.66832468
0.67044263
0.67841044
0.67346930
0.67423059
0.68577446
0.68460105
0.68493058
0.67976781
0.68466685
0.68372595
0.69284732
0.69129238
0.69231390
0.69424115
0.69668768
0.69389969
0.69833209
0.69847696
0.70325559
0.70530520
0.70993123
0.71001980
0.70907975
0.71172329
0.71498461
0.70824243
0.70986933
0.70703320
0.71423158
0.71866293
0.72849741
0.71116103
0.72289083
0.72981104
0.72745870
0.72303158
0.71952412
0.72727072
0.72644740
0.71899660
0.73061547
0.73011444
0.71946073
0.71501241
0.72218705
0.71922328
0.71230170
0.71679324
0.72715236
0.72399198
0.72662720
0.71386695
0.71340528
0.71236673
0.71165755
0.71904018
0.71586599
0.72201485
0.71062375
0.70311572
0.70352075
0.70394303
0.70002690
0.69583170
0.70665807
0.69605785
0.69256347
0.68681747
0.69521081
0.69310521
0.68724932
0.68867970
0.68075285
0.68023316
0.67689776
0.68451856
0.67238112
0.67647382
0.66636292
0.67026751
0.65948193
0.65700967
0.66150975
0.65849587
0.64683012
0.64916426
0.65140571
0.64002888
0.64624978
0.63941488
0.63534950
0.63098766
0.62989438
0.63017680
0.61938579
0.61453848
0.62019726
0.60691711
0.60967284
0.61032340
0.60381135
0.60016901
0.59202275
0.58913245
0.59305663
0.59587612
0.58447186
0.58325760
0.58185150
0.56983917
0.57350169
0.56679617
0.56222108
0.56172731
0.55883670
0.55616141
0.55359026
0.55563467
0.54783166
0.55039111
0.54538726
0.53644067
0.53615086
0.53580291
0.53723723
0.53424534
0.53161124
0.52303332
0.52080079
0.51983310
0.51706651
0.52085877
0.51572748
0.51418538
0.51211234
0.51346305
0.50848153
0.51242196
0.50499803
0.50898440
0.50253050
0.50837500
0.51035621
0.50485164
0.49800007
0.50221401
0.50139120
0.49820908
0.50256551
0.50001611
0.49592712
0.49695176
0.49855078
0.50153508
0.49637214
0.50135755
0.49291246
0.49808950
0.49664185
0.49649837
0.50281848
0.49878618
0.49415554
0.50492222
0.50264942
0.50175226
0.49984441
0.49944856
0.50079719
0.50496420
0.49885681
0.51021824
0.49930417
0.50146208
0.50012400
0.50713354
0.50607155
0.50807232
0.51377956
0.51676090
0.51440316
0.51344333
0.51400829
0.52018641
0.51878580
0.51990790
0.52094612
0.52944866
0.52611382
0.52514064
0.52590920
0.52991073
0.54218252
0.53943704
0.54062529
0.54605917
0.54453926
0.54530459
0.54743339
0.55065159
0.55491669
0.55823269
0.56034058
0.56756833
0.56182386
0.56407424
0.56585284
0.56799579
0.57714648
0.58221286
0.56892395
0.57705804
0.58398958
0.58415521
0.58777587
0.58078493
0.59482959
0.59152815
0.60121731
0.59901682
0.60161781
0.60785434
0.60233620
0.61037367
0.60962292
0.61599429
0.61420560
0.62573383
0.60901279
0.61926197
0.62252073
0.62205116
0.62150329
0.62290924
0.62859540
0.63579639
0.63518196
0.62730208
0.63613205
0.63661693
0.62966884
0.63460706
0.63935593
0.63012120
0.63641552
0.62872738
0.63551768
0.63923213
0.63307041
0.63704531
0.64008896
0.64402617
0.64625508
0.63039922
0.63118523
0.63829107
0.62863206
0.63629293
0.64188119
0.63197330
0.63087154
0.62955693
0.63677407
0.63108099
0.63262688
0.62757644
0.63159662
0.62880658
0.62872695
0.62858167
0.61807287
0.62063013
0.61819345
0.61602155
0.61610527
0.62321534
0.61819466
0.61127020
0.60446633
0.60685130
0.59615323
0.60483595
0.59883690
0.59334639
0.60192253
0.59299523
0.58931515
0.59438848
0.58505989
0.57704694
0.57642561
0.58145158
0.58017015
0.57442870
0.56954838
0.57136347
0.56369044
0.56381827
0.56262560
0.55172617
0.55994558
0.55264467
0.54426355
0.54426575
0.54553495
0.53781139
0.53157398
0.53641376
0.53488065
0.52915053
0.52884680
0.52567161
0.51956721
0.51471865
0.51852872
0.51012841
0.51169017
0.50298056
0.50951744
0.50658424
0.49907238
0.49980670
0.50057025
0.49685256
0.49210690
0.48975641
0.48442864
0.48676766
0.48293874
0.48359274
0.48204383
0.47465361
0.47712864
0.47746619
0.47466714
0.47152165
0.47873986
0.46730932
0.46862712
0.46546548
0.47122720
0.46613642
0.46332149
0.46047414
0.46090314
0.46553909
0.46183704
0.46214460
0.45539361
0.46692589
0.46075144
0.46216669
0.46088289
0.46221349
0.46555183
0.46647053
0.46185562
0.46426368
0.45897573
0.46891418
0.46025969
0.46442810
0.46011941
0.46483171
0.46201957
0.46593391
0.46368192
0.46266165
0.46315986
0.46511234
0.46247926
0.46985404
0.46976736
0.46883668
0.45837787
0.47221771
0.46792735
0.46908827
0.46972082
0.47477082
0.47622640
0.47764025
0.47829428
0.47804275
0.48695475
0.48605915
0.49158005
0.48376306
0.48479009
0.48631254
0.49603135
0.49734228
0.49914638
0.49962563
0.49629277
0.50347873
0.50332175
0.50103141
0.50568757
0.51095244
0.51640113
0.51850971
0.52125252
0.52291347
0.52525716
0.53301660
0.52604023
0.52744527
0.53451067
0.53820393
0.53890441
0.53459863
0.53804887
0.55166167
0.54716005
0.54305043
0.55273259
0.55602161
0.56054806
0.56066291
0.56224301
0.56342590
0.56929590
0.57083032
0.57257923
0.57715966
0.58205484
0.58252130
0.57391356
0.57870945
0.58290952
0.58649319
0.58815565
0.58927094
0.58346232
0.59786209
0.58860006
0.59166780
0.59417182
0.60292902
0.60146243
0.59080943
0.59835694
0.59584370
0.60277230
0.60176778
0.60254594
0.60828809
0.59463873
0.59894861
0.60776414
0.61026582
0.60409515
0.60260584
