3.50838096
2.30328083
2.30340955
2.30320618
2.30317154
2.30335699
2.30325958
2.30332992
2.30331602
2.30325353
2.30326862
2.30324227
2.30323491
2.30343481
2.30329853
2.30327935
2.30324092
2.30309867
2.30313509
2.30335020
2.30325938
2.30314051
2.30325729
2.30337594
2.30329752
2.30320425
2.30326171
2.30324301
2.31095555
2.30320888
2.30321141
2.30316448
2.30314810
2.30316713
2.30318901
2.30310615
2.30319250
2.30316493
2.30306947
2.30315318
2.30313369
2.30313909
2.30307439
2.30309929
2.30306763
2.30303692
2.30297697
2.30305895
2.30291323
2.30312435
2.30292081
2.30304122
2.30294596
2.30295456
2.30297229
2.30284721
2.30286516
2.30294516
2.30283380
2.30292083
2.30284355
2.30292284
2.30289733
2.30285890
2.30287721
2.30282914
2.30281575
2.30281207
2.30278385
2.30277493
2.30283300
2.30273757
2.30274848
2.30276517
2.30272205
2.30275754
2.30274212
2.30273077
2.30270352
2.30269187
2.30268323
2.30269046
2.30266916
2.30266636
2.30266007
2.30264243
2.30263645
2.30263406
2.30262352
2.30261792
2.30261571
2.30261004
2.30260602
2.30260020
2.30259611
2.30259298
2.30258988
2.30258821
2.30258648
2.30258550
2.30258516
2.30258549
2.30258626
2.30258803
2.30258999
2.30259189
2.30259602
2.30259986
2.30260409
2.30260883
2.30261466
2.30262027
2.30262564
2.30262635
2.30264089
2.30264161
2.30266601
2.30266486
2.30267024
2.30267924
2.30269591
2.30268347
2.30271270
2.30270849
2.30272972
2.30272911
2.30272058
2.30277877
2.30275132
2.30277744
2.30280959
2.30278381
2.30284057
2.30280141
2.30283106
2.30284694
2.30289305
2.30284210
2.30280801
2.30292421
2.30285512
2.30292804
2.30291874
2.30289118
2.30292137
2.30289738
2.30298240
2.30297154
2.30302950
2.30295731
2.30299633
2.30299202
2.30303018
2.30307014
2.30297308
2.30302417
2.30308413
2.30314338
2.30312430
2.30310071
2.30310146
2.30301107
2.30302344
2.30315305
2.30317902
2.30307739
2.30321612
2.30317197
2.30323476
2.30306695
2.30324382
2.30321846
2.30311822
2.30328698
2.30322859
2.30317325
2.30307693
2.30327931
2.30320576
2.30334503
2.30326193
2.30329347
2.30348239
2.30334067
2.30342539
2.30320600
2.30323329
2.30325999
2.30336148
2.30321572
2.30331083
2.30337175
2.30336805
2.30333917
2.30330880
2.30326621
2.30317198
2.30316881
2.30326555
2.30334086
2.30336578
2.30332251
2.30338065
2.30332963
2.30330945
2.30316705
2.30319770
2.30330005
2.30329064
2.30327233
2.30338544
2.30334153
2.30335411
2.30338823
2.30332364
2.30307927
2.30336136
2.30342215
2.30337754
2.30328162
2.30312924
2.30333670
2.30319453
2.30326277
2.30311776
2.30319183
2.30333351
2.30326348
2.30317814
2.30314816
2.30314865
2.30325228
2.30316963
2.30316613
2.30320137
2.30313360
2.30309951
2.30319149
2.30315004
2.30318445
2.30311912
2.30318909
2.30306576
2.30308162
2.30308222
2.30290366
2.30303692
2.30297153
2.30304577
2.30299457
2.30302663
2.30303485
2.30298360
2.30298394
2.30298505
2.30293366
2.30294111
2.30298337
2.30294929
2.30296207
2.30281882
2.30291208
2.30292139
2.30280650
2.30288114
2.30281164
2.30279532
2.30282383
2.30282007
2.30280777
2.30280661
2.30277676
2.30278551
2.30275212
2.30274258
2.30275714
2.30273204
2.30270895
2.30271373
2.30270183
2.30270203
2.30266247
2.30267552
2.30266254
2.30265087
2.30265580
2.30263784
2.30263010
2.30262611
2.30262460
2.30261227
2.30260829
2.30260531
2.30260142
2.30259749
2.30259282
2.30258975
2.30258786
2.30258632
2.30258543
2.30258528
2.30258549
2.30258650
2.30258826
2.30258991
2.30259250
2.30259593
2.30260120
2.30260428
2.30260973
2.30261615
2.30261557
2.30262735
2.30263511
2.30263924
2.30264944
2.30266318
2.30265187
2.30266719
2.30266604
2.30269146
2.30270217
2.30273590
2.30272017
2.30272152
2.30272516
2.30271848
2.30275101
2.30276364
2.30279283
2.30276663
2.30280273
2.30282462
2.30285541
2.30283511
2.30289271
2.30280388
2.30285231
2.30285627
2.30282186
2.30285455
2.30291638
2.30292034
2.30292816
2.30291965
2.30288101
2.30291090
2.30305037
2.30290401
2.30297306
2.30295631
2.30302943
2.30302689
2.30307784
2.30299658
2.30312391
2.30310226
2.30307915
2.30299641
2.30289834
2.30308826
2.30317159
2.30317204
2.30310744
2.30325083
2.30304502
2.30307697
2.30314387
2.30319455
2.30321655
2.30330094
2.30311416
2.30306697
2.30314533
2.30328302
2.30340031
2.30310191
2.30326276
2.30326315
2.30318092
2.30317433
2.30325528
2.30335083
2.30331426
2.30337883
2.30322860
2.30335596
2.30335246
2.30342565
2.30337371
2.30337330
2.30334642
2.30334672
2.30319334
2.30329825
2.30330103
2.30356065
2.30324258
2.30338309
2.30338557
2.30327830
2.30333178
2.30326189
2.30335589
2.30337750
2.30333334
2.30331280
2.30326408
2.30327928
2.30324852
2.30319983
2.30319431
2.30324573
2.30319026
2.30331200
2.30351992
2.30324639
2.30323949
2.30320801
2.30324925
2.30323847
2.30331953
2.30317046
2.30326396
2.30325707
2.30330562
2.30330384
2.30317949
2.30308421
2.30314963
2.30317764
2.30320882
2.30318442
2.30320293
2.30315096
2.30326357
2.30319327
2.30302993
2.30318479
2.30315253
2.30317588
2.30287300
2.30300620
2.30297492
2.30316355
2.30288637
2.30302859
2.30302026
2.30298980
2.30305661
2.30293316
2.30288544
2.30293341
2.30286778
2.30289483
2.30305278
2.30294774
2.30297897
2.30289809
2.30298744
2.30285955
2.30282205
2.30284640
2.30284890
2.30286901
2.30279870
2.30284281
2.30283007
2.30280740
2.30279967
2.30280560
2.30276885
2.30275721
2.30275709
2.30277336
2.30272410
2.30274028
2.30270722
2.30272200
2.30269267
2.30269911
2.30266209
2.30268138
2.30265925
2.30265482
2.30263926
2.30263642
2.30263320
2.30262700
2.30261933
2.30261297
2.30260929
2.30260425
2.30259912
2.30259776
2.30259373
2.30259035
2.30258801
2.30258638
2.30258550
2.30258536
2.30258549
2.30258648
2.30258797
2.30259068
2.30259207
2.30259629
2.30259975
2.30260276
2.30260788
2.30261239
2.30262118
2.30262104
2.30263989
2.30263795
2.30264896
2.30265550
2.30266227
2.30267500
2.30267497
2.30270055
2.30268612
2.30270298
2.30269904
2.30273068
2.30273092
2.30273579
2.30276739
2.30279380
2.30274005
2.30280096
2.30279955
2.30277084
2.30280219
2.30285122
2.30279746
2.30285701
2.30285349
2.30290578
2.30290750
2.30284213
2.30289672
2.30293076
2.30289754
2.30293978
2.30293391
2.30302914
2.30301051
2.30298413
2.30296105
2.30300847
2.30296995
2.30307438
2.30308679
2.30309845
2.30298695
2.30298040
2.30305106
2.30298477
2.30315920
2.30308390
2.30309529
2.30317778
2.30316153
2.30322894
2.30313184
2.30305085
2.30315592
2.30328152
2.30324736
2.30314945
2.30311632
2.30334312
2.30313779
2.30305440
2.30322736
2.30327433
2.30325367
2.30322831
2.30329815
2.30327312
2.30326455
2.30328017
2.30336160
2.30330975
2.30328657
2.30331733
2.30321619
2.30336640
2.30341093
2.30322635
2.30323645
2.30313610
2.30307492
2.30332490
2.30341573
2.30329188
2.30331248
2.30311186
2.30339455
