3.07650289
2.05888516
1.98234239
1.92970682
1.83073033
1.72458334
1.61819893
1.51436460
1.42938007
1.36130347
1.30939336
1.26880643
1.22974797
1.19767020
1.16734209
1.15159427
1.11415788
1.09781557
1.06368257
1.06139966
1.04014417
1.00831961
0.98153679
0.97276090
0.95456838
0.94449434
0.93081690
0.91639615
0.89879039
0.88662027
0.87382539
0.86029652
0.85988230
0.83941986
0.83705305
0.81895945
0.81203930
0.80602636
0.79506155
0.78751314
0.77377842
0.77411405
0.76170301
0.75404753
0.74404030
0.72596734
0.72175818
0.71111207
0.71969087
0.70859931
0.69634449
0.69119233
0.68490663
0.67744851
0.67142893
0.66988342
0.65904455
0.65910426
0.64585788
0.64355970
0.63315258
0.62513586
0.62580308
0.62202503
0.61111298
0.61273123
0.60304197
0.60134085
0.59124502
0.59338254
0.58627850
0.58405506
0.58028232
0.58099866
0.57063895
0.56901507
0.56842207
0.55686190
0.55786347
0.56075959
0.55181578
0.55520257
0.55115372
0.54278585
0.54529198
0.53858772
0.54038272
0.53952931
0.53680094
0.53773621
0.53728989
0.53394969
0.52943097
0.53744951
0.52733746
0.52866936
0.53452610
0.52633674
0.52765252
0.53143903
0.52688225
0.53489546
0.52808608
0.53492556
0.53136212
0.53058373
0.52814493
0.53364399
0.53374173
0.53020406
0.53037444
0.52998914
0.53722882
0.53054414
0.54252175
0.53459253
0.53317238
0.53638157
0.53879778
0.54273328
0.54237275
0.54550100
0.54229182
0.54366311
0.53854371
0.54403827
0.54383546
0.55068531
0.54645447
0.55323510
0.55381887
0.55387890
0.55815645
0.55484158
0.55801530
0.55824101
0.56248691
0.56651096
0.55930931
0.57063350
0.56933383
0.57264278
0.57446303
0.57856506
0.58160152
0.57510578
0.58251439
0.58546912
0.59052458
0.58553681
0.59381247
0.59681018
0.59748171
0.60380178
0.59978646
0.59999826
0.60731125
0.61063039
0.61315213
0.60889611
0.61747627
0.61986255
0.62604750
0.62522122
0.62663233
0.62426025
0.62890177
0.63315412
0.63031129
0.63860125
0.63529379
0.64081875
0.63955786
0.64170378
0.65405195
0.64561874
0.64613836
0.64833280
0.65272362
0.65618648
0.65179464
0.65322155
0.65394596
0.65843784
0.65590500
0.64695844
0.64779697
0.65869131
0.66103952
0.65584593
0.65591763
0.65636152
0.65794184
0.64934993
0.66764166
0.64682826
0.65714635
0.64815701
0.65752234
0.65772790
0.64443318
0.65477213
0.65296660
0.65449752
0.65443639
0.64605177
0.63463941
0.64466170
0.63304115
0.63361991
0.63713461
0.63896731
0.63670577
0.64094634
0.63397935
0.63210129
0.62050233
0.62256205
0.61860988
0.62010294
0.61900908
0.61618874
0.60751729
0.60589041
0.60432731
0.60132693
0.60101615
0.59432831
0.59439588
0.58953121
0.57972760
0.58907897
0.57124914
0.57505678
0.57377151
0.56768182
0.55605341
0.56646883
0.55898410
0.55327164
0.55243821
0.53989413
0.54283945
0.54226354
0.54192252
0.53451343
0.53697650
0.52723038
0.51953238
0.51851608
0.51486979
0.51170976
0.51112613
0.50132701
0.49158976
0.49369378
0.49292736
0.49107567
0.48215068
0.47572513
0.47916963
0.47602032
0.47064636
0.46249518
0.47122364
0.47049034
0.46583444
0.45686459
0.45204735
0.44980839
0.44868031
0.44986739
0.44222650
0.44551192
0.44333611
0.43488526
0.43033180
0.43357997
0.43109998
0.42977088
0.42736674
0.42718254
0.42660154
0.42314698
0.42145137
0.41662175
0.41843096
0.41503126
0.41392204
0.41191413
0.41631012
0.41253224
0.41358523
0.40851877
0.40973880
0.40733559
0.41137717
0.41237780
0.41260231
0.40481039
0.41086183
0.40543962
0.40608923
0.41151997
0.41057983
0.41067423
0.41045711
0.41114187
0.41396739
0.41258773
0.41166662
0.41555535
0.41323336
0.41178286
0.41491525
0.41206533
0.41356593
0.41903566
0.42431422
0.41212543
0.42334687
0.41975895
0.42238448
0.42358139
0.42450576
0.42704631
0.42472852
0.42245464
0.42750611
0.43530326
0.43230637
0.42878240
0.43851790
0.43835261
0.43771338
0.44240361
0.44138621
0.44530305
0.44682825
0.45301243
0.45573497
0.45633780
0.46486744
0.46066356
0.46137995
0.46344399
0.46716736
0.47356535
0.47428958
0.47894629
0.47954558
0.48020781
0.48691058
0.48632607
0.48920027
0.49512393
0.49882853
0.50540829
0.50682134
0.51323553
0.50810497
0.50942849
0.51782524
0.51062797
0.52656435
0.51822543
0.52936882
0.52565323
0.53142026
0.53165986
0.53534951
0.53675544
0.54293496
0.54504012
0.54746356
0.54856478
0.54947451
0.55191378
0.55245695
0.55666373
0.55929658
0.55726167
0.56141591
0.56246392
0.57571691
0.57111693
0.57085542
0.56468671
0.57305440
0.57427404
0.57899868
0.57844206
0.58051679
0.58029473
0.57415334
0.57336098
0.56885468
0.57079189
0.57487890
0.57801781
0.57409471
0.57368175
0.57566502
0.58197354
0.58700665
0.56594906
0.58557284
0.56899296
0.57695451
0.57729900
0.57308664
0.57558468
0.56567272
0.56427200
0.56521260
0.56596017
0.56941069
0.55926006
0.55634112
0.56142858
0.55713990
0.55401219
0.55129336
0.55007154
0.54346869
0.53641642
0.53437161
0.53840485
0.53143140
0.53147387
0.53044667
0.52551161
0.52380166
0.52212890
0.51877713
0.50958313
0.50517706
0.51180692
0.51051028
0.49974001
0.50807393
0.50027290
0.49711060
0.48531257
0.48613486
0.48374761
0.47894764
0.48208747
0.47756536
0.47304524
0.47105470
0.46921859
0.46043076
0.46170444
0.45895913
0.45081960
0.45058001
0.45021226
0.44270366
0.44125234
0.43418311
0.43531063
0.43197009
0.43116143
0.42591215
0.42024295
0.41519212
0.42217197
0.41803340
0.41052153
0.40934821
0.41156636
0.40605164
0.40046901
0.40442256
0.40241304
0.39616060
0.39843671
0.38881711
0.39323271
0.38869836
0.38554983
0.38841797
0.38383832
0.38203097
0.38130979
0.37750614
0.37766229
0.38368427
0.37399887
0.37079276
0.38068982
0.37790750
0.37621660
0.37515915
0.37616801
0.37832722
0.37593900
0.37495702
0.37076299
0.37295168
0.37922482
0.37259838
0.37535076
0.37255970
0.37424256
0.37402327
0.37535033
0.37858282
0.37879832
0.36962945
0.37673664
0.37704536
0.37380080
0.37829652
0.37826753
0.38156669
0.37876727
0.37858458
0.37965430
0.37850693
0.38157320
0.38798650
0.38263455
0.38681170
0.38927397
0.39230207
0.38731792
0.38814576
0.39146482
0.39927163
0.38843415
0.40226725
0.39882613
0.40192804
0.40343668
0.40666136
0.40755395
0.41514703
0.41522728
0.42314319
0.41802977
0.42868686
0.42391168
0.42879984
0.42533881
0.43060547
0.43274627
0.43890306
0.43629399
0.44278856
0.44569986
0.44442188
0.45615996
0.45293206
0.45760801
0.44906890
0.46653076
0.46240546
0.47447874
0.47068685
0.46464489
0.47413802
0.48594067
0.47819430
0.48945036
0.49557921
0.49357654
0.49481941
0.49505187
0.49978370
0.50342916
0.50593183
0.50730403
0.51472684
0.51001615
0.51197528
0.51856069
0.51991263
0.52013605
0.51482551
0.52371231
0.52071813
0.53496863
0.52683822
0.53186607
0.53596842
0.52456605
0.53208132
0.53209379
0.53359028
0.54064329
0.53682382
0.53672255
0.54347908
0.54073808
0.54730161
0.53721116
0.53994728
0.54490511
