0.16712000
0.19010000
0.21072000
0.23616000
0.28550000
0.33928000
0.39294000
0.43916000
0.48068000
0.50936000
0.53456000
0.54594000
0.56264000
0.57852000
0.58626000
0.59330000
0.60708000
0.61638000
0.62952000
0.63250000
0.63880000
0.65196000
0.65984000
0.66676000
0.67548000
0.67674000
0.68500000
0.68734000
0.69752000
0.69934000
0.70550000
0.71180000
0.71366000
0.71988000
0.72070000
0.72432000
0.72858000
0.72804000
0.73424000
0.73580000
0.74118000
0.74160000
0.74566000
0.75064000
0.75404000
0.75856000
0.75842000
0.75956000
0.76018000
0.76366000
0.76704000
0.77008000
0.77222000
0.77420000
0.77640000
0.77734000
0.77950000
0.78026000
0.78358000
0.78564000
0.78752000
0.78956000
0.79006000
0.79334000
0.79454000
0.79460000
0.79928000
0.80002000
0.80036000
0.80078000
0.80406000
0.80394000
0.80486000
0.80640000
0.80934000
0.80778000
0.81092000
0.81260000
0.81266000
0.81224000
0.81322000
0.81476000
0.81564000
0.81756000
0.81620000
0.81964000
0.81706000
0.81838000
0.81910000
0.81888000
0.81908000
0.82158000
0.82452000
0.81992000
0.82242000
0.82362000
0.82154000
0.82306000
0.82232000
0.82252000
0.82382000
0.82176000
0.82160000
0.81946000
0.82190000
0.82116000
0.82226000
0.82220000
0.81946000
0.81918000
0.82086000
0.82052000
0.82028000
0.82180000
0.81808000
0.82010000
0.82104000
0.81896000
0.81894000
0.81654000
0.81730000
0.81588000
0.81784000
0.81778000
0.81826000
0.81836000
0.81558000
0.81476000
0.81606000
0.81418000
0.81456000
0.81132000
0.81318000
0.81192000
0.81338000
0.81282000
0.81314000
0.81080000
0.81118000
0.80782000
0.81064000
0.80742000
0.80998000
0.80796000
0.80580000
0.80870000
0.80488000
0.80272000
0.80402000
0.80282000
0.80222000
0.80006000
0.79774000
0.79814000
0.79948000
0.80060000
0.79828000
0.79530000
0.79450000
0.79520000
0.79506000
0.79392000
0.79110000
0.79130000
0.79028000
0.79244000
0.79040000
0.78780000
0.78984000
0.78768000
0.78780000
0.78488000
0.78746000
0.78584000
0.78392000
0.78468000
0.78574000
0.78390000
0.78388000
0.78250000
0.78224000
0.78408000
0.78300000
0.78078000
0.78050000
0.78436000
0.78394000
0.78042000
0.78130000
0.78486000
0.78344000
0.78326000
0.78190000
0.78498000
0.77910000
0.78676000
0.78136000
0.78398000
0.78142000
0.78316000
0.78704000
0.78282000
0.78186000
0.78304000
0.78348000
0.78508000
0.79014000
0.78746000
0.79128000
0.78964000
0.78664000
0.78738000
0.79038000
0.79032000
0.79122000
0.79090000
0.79412000
0.79460000
0.79638000
0.79418000
0.79498000
0.79736000
0.79880000
0.79948000
0.79946000
0.80320000
0.80192000
0.80402000
0.80492000
0.80304000
0.80692000
0.80742000
0.81114000
0.80834000
0.81124000
0.81098000
0.81414000
0.81330000
0.81468000
0.81822000
0.81602000
0.81968000
0.82066000
0.82098000
0.81964000
0.82088000
0.82104000
0.82526000
0.82688000
0.82756000
0.82838000
0.83140000
0.83050000
0.83300000
0.83556000
0.83736000
0.83608000
0.83670000
0.83734000
0.84044000
0.84026000
0.84026000
0.84296000
0.84528000
0.84166000
0.84310000
0.84416000
0.84688000
0.84966000
0.84882000
0.84814000
0.84776000
0.85320000
0.85094000
0.85362000
0.85356000
0.85700000
0.85376000
0.85576000
0.85574000
0.85718000
0.85788000
0.85638000
0.85732000
0.85836000
0.86098000
0.85994000
0.86066000
0.86182000
0.86022000
0.86128000
0.86102000
0.86148000
0.86314000
0.86330000
0.86386000
0.86174000
0.86168000
0.86056000
0.86512000
0.86314000
0.86414000
0.86340000
0.86150000
0.86220000
0.85992000
0.86206000
0.86316000
0.86122000
0.86140000
0.86360000
0.85992000
0.86130000
0.86230000
0.86018000
0.86018000
0.86070000
0.85988000
0.85792000
0.85962000
0.85812000
0.85832000
0.85662000
0.85790000
0.85772000
0.85698000
0.85788000
0.85736000
0.85688000
0.85388000
0.85524000
0.85532000
0.85158000
0.85378000
0.85402000
0.85086000
0.85044000
0.85170000
0.85064000
0.84888000
0.84702000
0.84722000
0.84416000
0.84576000
0.84504000
0.84386000
0.84296000
0.84196000
0.84328000
0.84098000
0.84064000
0.83698000
0.83676000
0.83706000
0.83698000
0.83712000
0.83276000
0.83110000
0.83154000
0.83152000
0.83102000
0.82930000
0.82564000
0.82982000
0.82584000
0.82796000
0.82454000
0.82540000
0.82560000
0.82356000
0.81888000
0.82266000
0.81926000
0.81824000
0.81750000
0.81840000
0.81908000
0.81798000
0.81734000
0.81410000
0.81600000
0.81568000
0.81492000
0.81284000
0.81038000
0.81232000
0.81128000
0.81260000
0.81084000
0.80974000
0.80950000
0.81096000
0.80848000
0.80876000
0.81026000
0.81078000
0.81136000
0.81092000
0.80998000
0.80916000
0.81026000
0.80926000
0.80906000
0.80726000
0.80602000
0.81408000
0.80544000
0.81252000
0.81000000
0.80922000
0.80974000
0.81178000
0.81372000
0.81324000
0.81620000
0.81230000
0.81172000
0.81636000
0.81584000
0.81396000
0.81760000
0.81634000
0.81774000
0.81866000
0.82048000
0.82118000
0.82382000
0.82344000
0.82476000
0.82462000
0.82398000
0.82706000
0.82514000
0.82684000
0.82904000
0.83002000
0.83044000
0.82968000
0.83168000
0.83466000
0.83304000
0.83376000
0.83536000
0.83900000
0.83674000
0.83842000
0.84098000
0.83986000
0.84208000
0.84162000
0.84294000
0.84280000
0.84612000
0.84630000
0.84592000
0.85006000
0.84960000
0.84976000
0.85116000
0.85324000
0.85480000
0.85468000
0.85694000
0.85600000
0.85932000
0.85806000
0.86106000
0.86024000
0.85936000
0.86310000
0.86150000
0.86106000
0.86526000
0.86406000
0.86454000
0.86434000
0.86736000
0.86610000
0.86828000
0.86966000
0.87044000
0.87200000
0.86986000
0.87218000
0.87240000
0.87158000
0.87184000
0.87366000
0.87204000
0.87492000
0.87502000
0.87332000
0.87332000
0.87404000
0.87398000
0.87370000
0.87344000
0.87232000
0.87386000
0.87574000
0.87530000
0.87288000
0.87574000
0.87358000
0.87502000
0.87436000
0.87584000
0.87350000
0.87342000
0.87340000
0.87532000
0.87368000
0.87182000
0.87420000
0.87174000
0.87284000
0.87240000
0.87328000
0.87194000
0.87194000
0.87272000
0.87170000
0.87008000
0.87186000
0.86948000
0.86790000
0.86688000
0.86940000
0.86884000
0.86844000
0.86734000
0.86848000
0.86428000
0.86696000
0.86464000
0.86344000
0.86460000
0.86232000
0.86040000
0.86168000
0.85722000
0.85950000
0.85862000
0.85850000
0.85642000
0.85890000
0.85616000
0.85592000
0.85536000
0.85404000
0.85336000
0.85138000
0.85208000
0.84704000
0.84932000
0.84772000
0.85026000
0.84412000
0.84558000
0.84202000
0.84342000
0.84614000
0.84184000
0.83918000
0.84156000
0.83610000
0.83538000
0.83686000
0.83620000
0.83530000
0.83458000
0.83084000
0.83094000
0.83150000
0.82940000
0.83050000
0.83016000
0.82796000
0.82778000
0.82850000
0.83038000
0.82838000
0.82868000
0.82312000
0.82484000
0.82298000
0.82496000
0.82626000
0.82214000
0.82292000
0.82270000
0.82238000
0.82244000
0.82246000
0.82086000
0.82044000
0.81972000
0.82286000
0.82246000
0.81848000
