0.15030000
0.15722000
0.16144000
0.17162000
0.18426000
0.19388000
0.24850000
0.33310000
0.41136000
0.46982000
0.50034000
0.52124000
0.54950000
0.56200000
0.57954000
0.58954000
0.60318000
0.61426000
0.62466000
0.62978000
0.63766000
0.64300000
0.65266000
0.66000000
0.66464000
0.67108000
0.67192000
0.67488000
0.68394000
0.68728000
0.69332000
0.69532000
0.69924000
0.70528000
0.70894000
0.71118000
0.71422000
0.71502000
0.71926000
0.72362000
0.72866000
0.73266000
0.73516000
0.73498000
0.74010000
0.74388000
0.74310000
0.75046000
0.74734000
0.75224000
0.74898000
0.75262000
0.75918000
0.75912000
0.76088000
0.76404000
0.76416000
0.76536000
0.77012000
0.76854000
0.77312000
0.77300000
0.77764000
0.77654000
0.77658000
0.77886000
0.78074000
0.78392000
0.78284000
0.78310000
0.78514000
0.78522000
0.79116000
0.78834000
0.79148000
0.79304000
0.79408000
0.79076000
0.79406000
0.79486000
0.79578000
0.79546000
0.79814000
0.79766000
0.79862000
0.79608000
0.80012000
0.80050000
0.80190000
0.80272000
0.80110000
0.80370000
0.80182000
0.80340000
0.80408000
0.80440000
0.80072000
0.80466000
0.80426000
0.80492000
0.80434000
0.80198000
0.80196000
0.80494000
0.80098000
0.80382000
0.80324000
0.80222000
0.80390000
0.80132000
0.80280000
0.80108000
0.80424000
0.80378000
0.80514000
0.80180000
0.80248000
0.80178000
0.80354000
0.80112000
0.79940000
0.79892000
0.79820000
0.80004000
0.79708000
0.79914000
0.79856000
0.79628000
0.79506000
0.79758000
0.79584000
0.79628000
0.79746000
0.79718000
0.79348000
0.79564000
0.79422000
0.79256000
0.79170000
0.79116000
0.79086000
0.78890000
0.79060000
0.78828000
0.78702000
0.78602000
0.78786000
0.78666000
0.78562000
0.78444000
0.78384000
0.78354000
0.78562000
0.78216000
0.78190000
0.78198000
0.78012000
0.78044000
0.77958000
0.77878000
0.77902000
0.78018000
0.77804000
0.77434000
0.77588000
0.77212000
0.77276000
0.77224000
0.77652000
0.77618000
0.77482000
0.77304000
0.77320000
0.77182000
0.77138000
0.76910000
0.77260000
0.77130000
0.77078000
0.76874000
0.76920000
0.76866000
0.77022000
0.76680000
0.77072000
0.77142000
0.77004000
0.76654000
0.76692000
0.76986000
0.76924000
0.76710000
0.76970000
0.76942000
0.76930000
0.76632000
0.76882000
0.76976000
0.76972000
0.77192000
0.77110000
0.77216000
0.77078000
0.77122000
0.77124000
0.77530000
0.77440000
0.77802000
0.77718000
0.77756000
0.77952000
0.77472000
0.77230000
0.77842000
0.77464000
0.78080000
0.78194000
0.78366000
0.78084000
0.78342000
0.78376000
0.78464000
0.78562000
0.78424000
0.78658000
0.78584000
0.78808000
0.79044000
0.79066000
0.79230000
0.79452000
0.79206000
0.79726000
0.79436000
0.79628000
0.79694000
0.79730000
0.79884000
0.79944000
0.80262000
0.79994000
0.80042000
0.80180000
0.80650000
0.80950000
0.80754000
0.80822000
0.80738000
0.80876000
0.81176000
0.81226000
0.81458000
0.81332000
0.81670000
0.81560000
0.81898000
0.82102000
0.81752000
0.82170000
0.82274000
0.82218000
0.82320000
0.82536000
0.82682000
0.82620000
0.83044000
0.82776000
0.82824000
0.83126000
0.83182000
0.83250000
0.83276000
0.83504000
0.83530000
0.83390000
0.83622000
0.83650000
0.83792000
0.83808000
0.83916000
0.84036000
0.83784000
0.84018000
0.84176000
0.84088000
0.84220000
0.84114000
0.84196000
0.84186000
0.84156000
0.84306000
0.84152000
0.84398000
0.84234000
0.84428000
0.84460000
0.84274000
0.84440000
0.84280000
0.84518000
0.84634000
0.84612000
0.84672000
0.84418000
0.84322000
0.84448000
0.84544000
0.84362000
0.84392000
0.84320000
0.84224000
0.84196000
0.84394000
0.84220000
0.84266000
0.84420000
0.83916000
0.84412000
0.84306000
0.84268000
0.84022000
0.84150000
0.84026000
0.84126000
0.83892000
0.84106000
0.84144000
0.83734000
0.83974000
0.83520000
0.83428000
0.83540000
0.83546000
0.83506000
0.83672000
0.83110000
0.83470000
0.83250000
0.83126000
0.83298000
0.83108000
0.83196000
0.82976000
0.82730000
0.83004000
0.82792000
0.82648000
0.82612000
0.82566000
0.82326000
0.82226000
0.82194000
0.82212000
0.82074000
0.81756000
0.81836000
0.81640000
0.81730000
0.81562000
0.81540000
0.81560000
0.81194000
0.81274000
0.81114000
0.81106000
0.81020000
0.81070000
0.80768000
0.80738000
0.80724000
0.80472000
0.80496000
0.80520000
0.80454000
0.80512000
0.80228000
0.80414000
0.80346000
0.80144000
0.80266000
0.79960000
0.79644000
0.79704000
0.80084000
0.80020000
0.79672000
0.79852000
0.79600000
0.79558000
0.79752000
0.79648000
0.79362000
0.79422000
0.79498000
0.79478000
0.79440000
0.79554000
0.79344000
0.79676000
0.79430000
0.79664000
0.79398000
0.79478000
0.79874000
0.79560000
0.79866000
0.79684000
0.79640000
0.79752000
0.79996000
0.79960000
0.79910000
0.80056000
0.80182000
0.80088000
0.80126000
0.80480000
0.80250000
0.80240000
0.80150000
0.80420000
0.80096000
0.80514000
0.80438000
0.80976000
0.80518000
0.81126000
0.81138000
0.81072000
0.81064000
0.81038000
0.81438000
0.81118000
0.81338000
0.81362000
0.81662000
0.81652000
0.81830000
0.81744000
0.81724000
0.82152000
0.82100000
0.82360000
0.82402000
0.82360000
0.82490000
0.82472000
0.82486000
0.82494000
0.82738000
0.83074000
0.82942000
0.82890000
0.83000000
0.83318000
0.83390000
0.83408000
0.83634000
0.83572000
0.83792000
0.83694000
0.83956000
0.83764000
0.84128000
0.84126000
0.84104000
0.84296000
0.84474000
0.84538000
0.84714000
0.84608000
0.84456000
0.84732000
0.84846000
0.84738000
0.84844000
0.85118000
0.84844000
0.85108000
0.84844000
0.84866000
0.85190000
0.85150000
0.85222000
0.85336000
0.85338000
0.85650000
0.85508000
0.85300000
0.85512000
0.85584000
0.85680000
0.85704000
0.85596000
0.85658000
0.85646000
0.85386000
0.85668000
0.85568000
0.85702000
0.85666000
0.85616000
0.85598000
0.85576000
0.85442000
0.85610000
0.85734000
0.85414000
0.85438000
0.85500000
0.85470000
0.85570000
0.85472000
0.85432000
0.85462000
0.85552000
0.85402000
0.85662000
0.85794000
0.85340000
0.85432000
0.85344000
0.85050000
0.84770000
0.84986000
0.85084000
0.85050000
0.84966000
0.85206000
0.84986000
0.84874000
0.84746000
0.84764000
0.85086000
0.84440000
0.84682000
0.84682000
0.84438000
0.84196000
0.84380000
0.84376000
0.84348000
0.84018000
0.84284000
0.83776000
0.83586000
0.83706000
0.83850000
0.83808000
0.83604000
0.83738000
0.83484000
0.83220000
0.83474000
0.83112000
0.83356000
0.83258000
0.82890000
0.82850000
0.83022000
0.82634000
0.82552000
0.82612000
0.82606000
0.82422000
0.82334000
0.82164000
0.82150000
0.81964000
0.81904000
0.81790000
0.81978000
0.82004000
0.81808000
0.81814000
0.81688000
0.81442000
0.81614000
0.81640000
0.81552000
0.81372000
0.81396000
0.81210000
0.81030000
0.80816000
0.81182000
0.80750000
0.81108000
0.80898000
0.80740000
0.80848000
0.81166000
0.80908000
0.81026000
0.80566000
0.80800000
0.80824000
0.80888000
0.81044000
0.80858000
