0.14210000
0.14286000
0.14356000
0.14316000
0.16872000
0.19946000
0.27962000
0.38510000
0.44710000
0.48706000
0.52272000
0.54186000
0.56506000
0.57718000
0.58866000
0.59876000
0.60886000
0.61532000
0.62228000
0.63344000
0.63822000
0.64338000
0.64722000
0.65542000
0.66106000
0.66290000
0.66546000
0.67466000
0.67824000
0.68334000
0.68378000
0.68870000
0.69134000
0.69506000
0.69978000
0.70218000
0.70226000
0.70796000
0.70896000
0.71250000
0.71354000
0.71456000
0.71850000
0.72414000
0.72530000
0.72956000
0.72948000
0.72732000
0.73044000
0.73318000
0.74054000
0.73962000
0.74142000
0.74320000
0.74758000
0.74870000
0.75034000
0.74982000
0.74946000
0.75420000
0.75846000
0.75868000
0.75776000
0.76034000
0.76278000
0.76384000
0.76728000
0.76410000
0.76948000
0.76982000
0.77250000
0.77108000
0.77280000
0.77544000
0.77396000
0.77792000
0.77544000
0.77728000
0.77824000
0.78168000
0.77998000
0.78132000
0.78296000
0.78336000
0.78286000
0.78490000
0.78686000
0.78218000
0.78482000
0.78848000
0.78582000
0.78778000
0.78724000
0.78710000
0.78898000
0.78786000
0.78782000
0.78896000
0.78608000
0.78642000
0.78488000
0.78812000
0.78788000
0.78796000
0.79102000
0.79028000
0.78806000
0.78658000
0.78902000
0.78614000
0.78738000
0.78866000
0.78728000
0.78604000
0.78700000
0.78698000
0.78614000
0.78706000
0.78562000
0.78836000
0.78302000
0.78520000
0.78384000
0.78280000
0.78380000
0.78038000
0.78546000
0.78266000
0.78402000
0.77998000
0.78356000
0.78108000
0.77914000
0.77754000
0.77946000
0.77750000
0.77540000
0.78194000
0.77546000
0.77732000
0.77546000
0.77258000
0.77666000
0.77436000
0.77124000
0.77594000
0.77282000
0.76978000
0.76912000
0.76864000
0.77296000
0.76778000
0.76692000
0.76970000
0.76870000
0.76868000
0.76814000
0.76390000
0.76496000
0.76448000
0.76494000
0.76232000
0.76166000
0.76428000
0.76536000
0.76348000
0.76172000
0.76330000
0.75882000
0.75906000
0.75834000
0.75894000
0.75932000
0.75994000
0.75706000
0.75788000
0.75914000
0.75828000
0.75690000
0.75886000
0.75546000
0.75588000
0.75606000
0.75524000
0.75762000
0.75730000
0.75322000
0.75832000
0.75674000
0.75704000
0.75816000
0.75974000
0.75876000
0.76182000
0.75934000
0.75974000
0.76322000
0.76064000
0.76214000
0.76124000
0.76162000
0.76204000
0.76260000
0.76060000
0.75848000
0.76536000
0.76460000
0.76426000
0.76402000
0.76320000
0.76536000
0.76936000
0.76734000
0.77038000
0.76988000
0.76872000
0.77246000
0.77150000
0.77248000
0.77278000
0.77586000
0.77762000
0.77614000
0.77688000
0.78144000
0.77886000
0.78000000
0.78262000
0.78162000
0.78116000
0.78028000
0.78720000
0.78486000
0.78604000
0.78250000
0.78832000
0.79210000
0.79114000
0.79190000
0.79242000
0.79460000
0.79412000
0.79492000
0.79664000
0.79564000
0.79826000
0.79762000
0.80144000
0.80124000
0.80504000
0.80232000
0.80396000
0.80834000
0.80708000
0.80890000
0.81186000
0.81354000
0.81180000
0.81438000
0.81610000
0.81144000
0.81470000
0.81828000
0.81806000
0.81756000
0.82050000
0.81940000
0.82108000
0.82152000
0.82384000
0.82402000
0.82630000
0.82746000
0.82444000
0.82642000
0.82782000
0.82882000
0.82710000
0.82962000
0.82998000
0.83048000
0.82964000
0.83286000
0.83156000
0.83068000
0.83354000
0.83424000
0.83276000
0.83466000
0.83478000
0.83772000
0.83314000
0.83372000
0.83614000
0.83406000
0.83662000
0.83696000
0.83678000
0.83604000
0.83604000
0.83574000
0.83398000
0.83756000
0.83392000
0.83502000
0.83776000
0.83520000
0.83644000
0.83784000
0.83508000
0.83738000
0.83700000
0.83370000
0.83382000
0.83400000
0.83480000
0.83228000
0.83358000
0.83240000
0.83388000
0.83320000
0.83290000
0.83318000
0.82988000
0.82938000
0.83050000
0.82948000
0.82886000
0.83072000
0.82944000
0.82812000
0.82832000
0.82724000
0.82570000
0.82438000
0.82512000
0.82590000
0.82572000
0.82240000
0.82410000
0.82292000
0.82134000
0.82182000
0.81958000
0.82000000
0.81874000
0.81826000
0.81562000
0.81396000
0.81498000
0.81442000
0.81348000
0.81198000
0.81082000
0.81046000
0.80916000
0.80932000
0.81004000
0.80718000
0.80534000
0.80500000
0.80706000
0.80348000
0.80310000
0.80060000
0.80050000
0.80108000
0.80244000
0.80260000
0.79926000
0.79994000
0.79734000
0.79572000
0.79942000
0.79312000
0.79408000
0.79306000
0.78992000
0.79608000
0.79446000
0.79244000
0.79050000
0.79230000
0.79148000
0.79280000
0.79296000
0.79140000
0.78952000
0.78952000
0.79032000
0.78892000
0.78798000
0.78784000
0.78596000
0.79052000
0.79004000
0.78982000
0.79006000
0.78912000
0.78880000
0.78884000
0.78714000
0.78854000
0.78874000
0.78852000
0.78898000
0.79002000
0.79380000
0.79166000
0.79262000
0.79220000
0.78874000
0.79160000
0.79310000
0.79302000
0.79050000
0.79316000
0.79410000
0.79424000
0.79650000
0.79626000
0.79808000
0.80090000
0.79734000
0.80136000
0.80022000
0.80040000
0.80296000
0.80080000
0.80276000
0.80214000
0.80434000
0.80658000
0.80698000
0.80344000
0.80884000
0.80848000
0.80714000
0.81020000
0.81156000
0.81206000
0.81238000
0.81502000
0.81706000
0.81712000
0.81618000
0.81846000
0.82088000
0.82008000
0.82034000
0.82194000
0.82072000
0.82144000
0.82292000
0.82464000
0.82622000
0.82544000
0.82590000
0.83104000
0.82904000
0.83148000
0.82888000
0.83196000
0.83276000
0.83390000
0.83372000
0.83456000
0.83656000
0.83652000
0.83804000
0.84106000
0.83844000
0.83990000
0.83866000
0.83962000
0.84186000
0.84458000
0.84266000
0.84366000
0.84562000
0.84132000
0.84454000
0.84490000
0.84574000
0.84584000
0.84570000
0.84594000
0.84718000
0.84962000
0.84528000
0.84718000
0.84670000
0.84890000
0.84744000
0.84908000
0.84896000
0.84884000
0.84898000
0.84636000
0.84946000
0.84972000
0.84932000
0.85034000
0.84812000
0.85048000
0.84770000
0.84784000
0.84576000
0.84650000
0.84910000
0.84862000
0.84908000
0.84726000
0.84668000
0.84606000
0.84764000
0.84726000
0.84636000
0.84832000
0.84488000
0.84900000
0.84522000
0.84536000
0.84302000
0.84516000
0.84396000
0.84404000
0.84428000
0.84414000
0.84246000
0.84110000
0.83904000
0.83980000
0.83842000
0.83662000
0.83846000
0.83866000
0.83724000
0.83416000
0.83566000
0.83706000
0.83260000
0.83408000
0.83366000
0.83180000
0.83404000
0.83134000
0.83074000
0.82978000
0.82942000
0.82562000
0.82580000
0.82668000
0.82620000
0.82392000
0.82408000
0.82318000
0.82186000
0.82370000
0.82090000
0.81792000
0.81818000
0.81774000
0.81630000
0.81670000
0.81678000
0.81332000
0.81468000
0.81102000
0.81428000
0.81532000
0.81362000
0.81088000
0.81038000
0.80970000
0.80864000
0.80838000
0.80892000
0.81026000
0.80752000
0.80928000
0.80512000
0.80474000
0.80430000
0.80400000
0.80400000
0.80268000
0.80726000
0.80636000
0.80004000
0.80082000
0.80284000
0.80408000
0.80222000
0.80324000
0.80212000
0.80414000
0.80144000
0.80324000
0.80268000
