3.27500031
2.12669908
2.09733936
2.07135042
2.04506647
2.02257508
1.90968189
1.71604583
1.57759985
1.45459390
1.38816054
1.33043482
1.26692709
1.23501196
1.20076709
1.16763517
1.13189923
1.11660668
1.09183650
1.07152872
1.05295046
1.03505461
1.01700665
1.00012683
0.98306037
0.96629372
0.96166073
0.95747256
0.92855082
0.92767476
0.90691905
0.89977558
0.89370103
0.87604209
0.86478228
0.85916204
0.85268372
0.84118197
0.83212928
0.82569780
0.81285862
0.79938580
0.79849600
0.78951591
0.77703548
0.77307113
0.77020401
0.75198306
0.75184023
0.74233398
0.74906555
0.73951332
0.72408009
0.72255847
0.71491952
0.70710856
0.70913434
0.70138972
0.69844835
0.69391086
0.68286319
0.67876205
0.66668447
0.66868592
0.66998251
0.66605006
0.65580117
0.64995750
0.65008505
0.64995636
0.64071812
0.64348216
0.63237046
0.63392305
0.62480312
0.62141677
0.61958444
0.62593763
0.61583649
0.61441875
0.61050099
0.61594881
0.60170272
0.60456658
0.60934513
0.60552683
0.59532361
0.59840258
0.59321895
0.59794818
0.59875181
0.58944184
0.59285137
0.59013094
0.59181841
0.59358231
0.59936868
0.58499845
0.59078896
0.58967911
0.59210508
0.59467534
0.58802024
0.58714788
0.59412538
0.58734273
0.59316462
0.59105544
0.59073126
0.59298890
0.59017721
0.59129836
0.59111138
0.59035450
0.58676529
0.59107517
0.59751070
0.59575344
0.59528668
0.59921691
0.59656739
0.60101198
0.59971337
0.60330850
0.60649633
0.60410088
0.60264912
0.60774532
0.60853201
0.60673299
0.61263785
0.61203579
0.61542856
0.61183508
0.61696003
0.61821804
0.62038576
0.62210672
0.62367554
0.62602395
0.62545748
0.62595467
0.63133276
0.63205812
0.63901657
0.64322448
0.63429793
0.64303907
0.63869969
0.64674081
0.64826647
0.65013086
0.65108293
0.65815913
0.65275528
0.65793268
0.65652148
0.66238114
0.66239413
0.66657387
0.66542318
0.66608492
0.66825198
0.67627730
0.67096797
0.68014372
0.68268809
0.68217987
0.67824789
0.67709383
0.68057981
0.68327397
0.68627307
0.68794223
0.69098102
0.69736218
0.68939741
0.68686572
0.68977745
0.69557095
0.69756576
0.69598376
0.69799654
0.70094700
0.69579485
0.68946580
0.69368636
0.70128111
0.69952554
0.69308613
0.69163037
0.70054695
0.69615920
0.69776295
0.69358308
0.69922184
0.69178696
0.69541274
0.69295891
0.69215658
0.69493424
0.68548604
0.68431414
0.69158091
0.69254942
0.68356071
0.68018474
0.67551946
0.67398682
0.67097773
0.66874675
0.68411317
0.68109289
0.66831090
0.67616272
0.66679147
0.66465391
0.65936465
0.66015456
0.65369871
0.65545714
0.65825766
0.64911572
0.65109655
0.64328665
0.64539126
0.64040406
0.63011043
0.63247633
0.63114594
0.62219400
0.62356719
0.61156268
0.62120286
0.62107283
0.61178705
0.60866714
0.60474189
0.60611902
0.59402514
0.59911939
0.60109361
0.59133099
0.58335368
0.58337075
0.57969083
0.57873394
0.57778792
0.57781330
0.56759367
0.56394247
0.55441259
0.55922223
0.55013169
0.55674742
0.54331311
0.53676108
0.54558334
0.53392886
0.53715952
0.53093256
0.52940971
0.52367077
0.52126819
0.52278955
0.51358495
0.51975553
0.51609168
0.50439354
0.50767705
0.49857733
0.50539771
0.50031958
0.49733320
0.49452665
0.49174294
0.49210351
0.48058042
0.48804067
0.48738334
0.48361567
0.47898132
0.47866288
0.47901867
0.47399529
0.47501578
0.47233519
0.47165541
0.47437245
0.47397479
0.47087293
0.47552196
0.47025879
0.46904930
0.46811921
0.46533744
0.46734619
0.46313287
0.46726716
0.46731986
0.46409756
0.46503698
0.46084781
0.46729080
0.46626996
0.46351607
0.46605738
0.46785112
0.46904530
0.46439893
0.47256927
0.47155499
0.46867508
0.46843429
0.47280484
0.46584648
0.47728380
0.47336953
0.46958145
0.47380936
0.47727209
0.47269416
0.47885962
0.47686590
0.48173219
0.47964959
0.47812482
0.48630371
0.47839089
0.49044374
0.49404355
0.48931722
0.49128392
0.49476386
0.49486330
0.50188754
0.49641708
0.50077929
0.50151699
0.50144385
0.50665411
0.50454053
0.51074565
0.51441534
0.51179310
0.51597979
0.52088535
0.52071220
0.52322562
0.53402069
0.52699586
0.53587368
0.53691959
0.53928874
0.54622464
0.54843524
0.54654691
0.54790417
0.54856970
0.55743898
0.55908060
0.56362484
0.56645431
0.56849488
0.56781427
0.57031114
0.56840108
0.57715690
0.58158553
0.58397978
0.58203855
0.58081497
0.58940225
0.58255742
0.58665257
0.59418763
0.58913246
0.59662480
0.60178242
0.59442371
0.60651079
0.60916814
0.60642652
0.60539969
0.60141816
0.61474102
0.60747059
0.61552955
0.61329978
0.60796143
0.61690349
0.61594165
0.61756412
0.61552322
0.61933885
0.61993973
0.61406451
0.61921650
0.61204250
0.61649365
0.61490772
0.61726698
0.61125078
0.61037791
0.61608604
0.61375373
0.61890170
0.61705534
0.60207167
0.60971164
0.60253812
0.61128474
0.59853224
0.60374511
0.59482019
0.59688748
0.59311913
0.59777423
0.59528728
0.59630607
0.58926093
0.60022236
0.58598750
0.59229082
0.57413379
0.58652504
0.57201254
0.57244531
0.57167515
0.57391399
0.57034788
0.56067625
0.56796036
0.56107176
0.55880917
0.55307185
0.55720370
0.54989137
0.54515721
0.54946173
0.53989718
0.53769588
0.53251580
0.53133072
0.53709799
0.52886969
0.52738241
0.52269085
0.52148754
0.51798505
0.50948007
0.51380468
0.51231556
0.50608341
0.49305987
0.49940092
0.49836677
0.49386605
0.49632332
0.48388713
0.49245908
0.48633013
0.48107549
0.47741380
0.47626881
0.47491584
0.47171179
0.46323089
0.46491189
0.45827188
0.45934521
0.46891538
0.45622388
0.45287732
0.45585484
0.45192066
0.44796694
0.45332758
0.44488744
0.44941647
0.44854847
0.43928574
0.44424611
0.44351429
0.44100112
0.43812884
0.43358275
0.43547087
0.43979429
0.43532970
0.42979601
0.43005804
0.42932241
0.42848862
0.42985797
0.42524798
0.43158839
0.42722196
0.43280774
0.43110550
0.42771258
0.42579912
0.42789856
0.43118784
0.42976130
0.42923984
0.42949920
0.43118695
0.43479094
0.43401004
0.42898678
0.43483099
0.43240436
0.43450623
0.43199229
0.43382510
0.43585339
0.43387197
0.42858616
0.43989705
0.43671568
0.43858995
0.44008575
0.44460668
0.44459524
0.44664217
0.44397947
0.44675325
0.44439356
0.44952524
0.44900206
0.45329661
0.45252033
0.44805379
0.46088259
0.46010007
0.45683365
0.45897618
0.47188696
0.46974857
0.47275141
0.46519981
0.48108608
0.47422631
0.47974816
0.48602520
0.48742465
0.48438851
0.49024187
0.49164975
0.49078205
0.49847060
0.50437794
0.49414898
0.50557036
0.50448341
0.50631623
0.51253912
0.51409825
0.51273708
0.51984513
0.51627481
0.52527324
0.52838552
0.52740982
0.53092419
0.53162414
0.54104261
0.54003436
0.53991585
0.54280653
0.53934847
0.55076926
0.54788301
0.54973782
0.55017952
0.55437151
0.55666451
0.55955705
0.56090290
0.56225889
0.56184360
0.56859512
0.57270438
0.57281700
0.56660503
0.57989132
0.56721812
0.57343948
0.57992404
0.57456045
0.57171554
0.57480430
0.57742831
0.58180936
0.57877985
0.57523447
0.57559437
0.57428881
0.57899894
