0.13636000
0.14298000
0.14044000
0.15472000
0.25172000
0.36264000
0.43350000
0.47854000
0.51358000
0.53890000
0.56546000
0.57728000
0.59652000
0.60190000
0.61160000
0.62002000
0.62916000
0.63626000
0.64800000
0.65176000
0.65240000
0.66066000
0.66376000
0.66680000
0.67190000
0.67890000
0.68064000
0.68524000
0.69138000
0.69038000
0.69654000
0.70200000
0.70572000
0.70684000
0.70760000
0.71060000
0.71454000
0.71894000
0.71632000
0.72230000
0.72044000
0.72472000
0.72852000
0.72836000
0.73096000
0.73190000
0.73098000
0.73822000
0.73890000
0.74334000
0.73876000
0.74536000
0.74820000
0.74920000
0.75348000
0.75096000
0.75530000
0.75560000
0.75530000
0.76280000
0.76130000
0.76062000
0.76136000
0.76634000
0.76536000
0.76708000
0.76870000
0.76986000
0.77238000
0.77182000
0.77506000
0.77770000
0.77626000
0.77836000
0.77742000
0.78198000
0.78172000
0.78012000
0.78142000
0.78416000
0.78376000
0.78588000
0.78682000
0.78348000
0.78748000
0.78730000
0.78784000
0.78884000
0.79022000
0.79004000
0.78924000
0.79026000
0.79012000
0.78952000
0.79188000
0.78978000
0.79196000
0.79068000
0.78962000
0.79068000
0.79378000
0.79130000
0.78866000
0.79182000
0.79196000
0.79196000
0.78900000
0.79190000
0.79192000
0.79078000
0.78784000
0.79110000
0.79060000
0.79034000
0.79026000
0.78834000
0.78830000
0.78898000
0.78956000
0.78834000
0.78910000
0.78934000
0.78946000
0.78522000
0.78592000
0.78778000
0.78542000
0.78336000
0.78330000
0.78338000
0.78406000
0.78196000
0.78192000
0.77978000
0.78130000
0.77912000
0.77870000
0.78068000
0.77840000
0.77856000
0.77580000
0.77652000
0.77412000
0.77382000
0.77410000
0.77238000
0.77602000
0.77258000
0.77344000
0.77320000
0.76966000
0.77122000
0.76954000
0.77062000
0.76970000
0.76872000
0.76780000
0.76628000
0.76832000
0.76726000
0.76456000
0.76522000
0.76620000
0.76486000
0.76562000
0.76384000
0.76042000
0.76196000
0.76130000
0.76370000
0.75916000
0.76124000
0.76084000
0.76272000
0.76148000
0.75972000
0.75420000
0.76188000
0.75728000
0.75378000
0.75678000
0.75754000
0.75842000
0.75732000
0.75700000
0.75770000
0.75576000
0.75556000
0.76020000
0.76202000
0.75756000
0.75906000
0.76122000
0.76088000
0.75794000
0.75736000
0.75916000
0.76256000
0.76058000
0.76048000
0.76144000
0.75780000
0.76094000
0.75980000
0.76382000
0.76656000
0.76484000
0.76328000
0.76744000
0.76522000
0.76202000
0.76794000
0.76930000
0.77064000
0.77000000
0.77098000
0.76766000
0.76846000
0.77316000
0.77428000
0.77336000
0.77224000
0.77674000
0.77246000
0.77762000
0.77800000
0.78052000
0.78212000
0.77752000
0.77984000
0.78272000
0.78394000
0.78172000
0.78608000
0.78346000
0.78610000
0.78844000
0.79080000
0.78924000
0.78890000
0.79292000
0.79334000
0.79258000
0.79546000
0.79716000
0.79508000
0.79940000
0.80178000
0.80142000
0.80348000
0.80252000
0.80116000
0.80298000
0.80358000
0.80548000
0.80998000
0.80874000
0.81080000
0.81264000
0.81170000
0.81284000
0.81242000
0.81644000
0.81392000
0.81566000
0.81584000
0.81698000
0.81946000
0.81722000
0.81936000
0.82134000
0.82090000
0.82058000
0.82492000
0.82562000
0.82522000
0.82786000
0.82574000
0.82688000
0.82844000
0.82872000
0.82770000
0.82880000
0.82792000
0.83002000
0.82918000
0.83062000
0.82734000
0.83192000
0.83018000
0.83248000
0.83158000
0.83286000
0.83238000
0.83190000
0.82982000
0.83366000
0.83344000
0.83188000
0.83300000
0.83434000
0.83140000
0.83442000
0.83284000
0.83368000
0.83396000
0.83136000
0.83242000
0.83212000
0.83064000
0.82950000
0.83206000
0.83196000
0.83174000
0.83156000
0.83228000
0.83276000
0.82870000
0.82998000
0.83198000
0.82940000
0.83008000
0.82954000
0.82816000
0.82828000
0.82730000
0.82606000
0.82672000
0.82792000
0.82448000
0.82564000
0.82486000
0.82370000
0.82256000
0.82576000
0.82424000
0.82290000
0.82338000
0.81820000
0.81952000
0.81752000
0.81610000
0.81764000
0.81746000
0.81690000
0.81386000
0.81540000
0.81306000
0.81264000
0.80952000
0.81138000
0.81090000
0.81006000
0.80818000
0.80460000
0.80622000
0.80856000
0.80564000
0.80510000
0.80326000
0.80354000
0.80446000
0.80044000
0.80378000
0.79994000
0.79848000
0.79862000
0.79566000
0.79690000
0.79784000
0.79554000
0.79460000
0.79622000
0.79092000
0.79610000
0.79212000
0.79160000
0.79148000
0.79330000
0.79102000
0.79000000
0.78968000
0.78872000
0.79042000
0.78710000
0.78804000
0.78934000
0.78862000
0.78748000
0.78944000
0.78822000
0.78894000
0.78776000
0.78494000
0.78920000
0.78754000
0.78770000
0.78368000
0.78450000
0.79100000
0.78934000
0.78806000
0.79226000
0.78726000
0.78864000
0.78964000
0.78902000
0.78828000
0.78776000
0.79158000
0.79010000
0.79196000
0.78862000
0.79024000
0.79232000
0.79120000
0.79244000
0.79340000
0.79320000
0.79558000
0.79548000
0.79292000
0.79370000
0.79594000
0.79946000
0.79564000
0.80018000
0.79818000
0.80014000
0.80444000
0.79802000
0.80060000
0.80422000
0.80194000
0.80626000
0.80798000
0.80566000
0.80668000
0.80848000
0.80894000
0.80980000
0.80638000
0.81226000
0.81014000
0.81158000
0.81590000
0.81414000
0.81404000
0.81736000
0.81914000
0.81610000
0.82064000
0.82192000
0.82140000
0.82120000
0.82158000
0.82048000
0.82404000
0.82622000
0.82686000
0.82714000
0.82874000
0.82974000
0.83056000
0.82792000
0.83120000
0.83158000
0.83372000
0.83234000
0.83350000
0.83648000
0.83452000
0.83776000
0.83840000
0.83738000
0.83844000
0.83900000
0.84068000
0.83890000
0.83872000
0.84112000
0.84146000
0.83986000
0.84248000
0.84314000
0.84462000
0.84224000
0.84286000
0.84430000
0.84592000
0.84434000
0.84392000
0.84390000
0.84524000
0.84526000
0.84246000
0.84484000
0.84592000
0.84422000
0.84444000
0.84378000
0.84470000
0.84432000
0.84472000
0.84606000
0.84364000
0.84322000
0.84234000
0.84688000
0.84284000
0.84432000
0.84476000
0.84310000
0.84460000
0.84352000
0.84228000
0.84442000
0.84326000
0.84198000
0.84250000
0.84422000
0.84142000
0.84346000
0.84054000
0.84102000
0.84036000
0.83912000
0.83934000
0.83942000
0.84012000
0.83586000
0.83762000
0.83532000
0.83576000
0.83784000
0.83544000
0.83176000
0.83268000
0.83158000
0.83372000
0.83266000
0.83308000
0.83132000
0.83008000
0.83006000
0.82810000
0.82914000
0.82746000
0.82628000
0.82320000
0.82340000
0.82080000
0.82404000
0.82284000
0.81820000
0.81944000
0.81934000
0.81852000
0.82042000
0.81780000
0.81640000
0.81692000
0.81418000
0.81412000
0.81210000
0.81328000
0.81272000
0.81094000
0.81050000
0.80850000
0.80748000
0.80788000
0.80562000
0.80540000
0.80676000
0.80570000
0.80700000
0.80770000
0.80142000
0.80354000
0.80414000
0.79874000
0.80220000
0.80224000
0.80288000
0.79792000
0.79844000
0.80266000
0.80194000
0.80172000
0.79930000
0.79934000
0.79730000
0.79572000
0.80086000
0.79918000
0.79820000
0.79794000
0.79894000
0.80026000
