3.04164569
2.15375967
2.12971781
2.09090806
1.97774260
1.81462176
1.62662856
1.45721037
1.35190545
1.30104225
1.24321215
1.19524073
1.16005995
1.13409271
1.09379881
1.07862847
1.05869198
1.04396229
1.01544915
1.01286451
0.97956969
0.97314660
0.95437530
0.94734580
0.92549905
0.92568773
0.90752888
0.89453862
0.88873407
0.87312099
0.87177213
0.85389681
0.84924038
0.84197013
0.83566411
0.81770736
0.82458016
0.80885213
0.79405728
0.78791832
0.77660346
0.77571586
0.77202802
0.76191865
0.76505229
0.75190121
0.74313572
0.73938493
0.72610104
0.73285237
0.71936740
0.71555761
0.70540760
0.70802612
0.70284469
0.69978626
0.69245473
0.68093223
0.67569667
0.67036576
0.67007690
0.66512071
0.65271598
0.66233984
0.64704111
0.64540935
0.64098600
0.63946595
0.63038653
0.63093431
0.63390676
0.62446999
0.62030448
0.61691171
0.61103328
0.61438646
0.60908456
0.60449975
0.60192810
0.59903121
0.59619779
0.59676317
0.59254182
0.59218137
0.58619186
0.58826894
0.58301422
0.57859903
0.58344986
0.57966208
0.57965128
0.57707695
0.57701467
0.57747552
0.57187886
0.57658766
0.57473074
0.57650104
0.57416471
0.57358894
0.57724907
0.56934522
0.57461851
0.57299050
0.57607540
0.57296512
0.57278684
0.58112753
0.57973901
0.58335077
0.57445842
0.57271935
0.57499828
0.57633092
0.57686941
0.57940361
0.57768028
0.58378070
0.57933354
0.58385807
0.58574045
0.58339705
0.58560554
0.58605872
0.58679483
0.58959191
0.59112039
0.58772392
0.59613508
0.59305943
0.59862645
0.59507485
0.60536241
0.60093231
0.60503168
0.61154739
0.61108214
0.61258542
0.61155207
0.61332945
0.61591654
0.61966844
0.62130578
0.62115195
0.62453331
0.62344620
0.63207435
0.62905014
0.64174088
0.63461467
0.63252149
0.63810411
0.64348788
0.64320440
0.64517486
0.65439823
0.65412417
0.66064724
0.65765986
0.66671803
0.66043481
0.66197074
0.66530857
0.66806871
0.67421980
0.67204441
0.67210378
0.67920007
0.67384964
0.67517474
0.67606479
0.68833500
0.67922994
0.68709245
0.68343803
0.68391565
0.68880732
0.69825693
0.69091843
0.70060878
0.69345980
0.69959376
0.69743955
0.68813952
0.69806955
0.68684044
0.69711703
0.70205378
0.69480280
0.69355829
0.69537294
0.70186589
0.69582639
0.69827868
0.69903785
0.70649235
0.69021296
0.69064598
0.69417710
0.68996865
0.69450164
0.69189070
0.68427935
0.69329165
0.68011679
0.68359000
0.68556291
0.68263753
0.68323488
0.66769745
0.67961517
0.67506789
0.67911462
0.66998491
0.65987362
0.66164013
0.66132641
0.66362663
0.66255887
0.65213668
0.65517268
0.64377267
0.64721986
0.64769042
0.63124122
0.64075635
0.62540364
0.64177215
0.62426219
0.63275681
0.62304629
0.62788349
0.61308225
0.61353922
0.61102681
0.61186791
0.61011950
0.60149439
0.60032820
0.60524334
0.59251122
0.59565821
0.58427161
0.58774662
0.58347231
0.57560645
0.56714381
0.57115550
0.55873004
0.56975868
0.56465793
0.55425393
0.54912481
0.55046530
0.54974661
0.54701900
0.53884861
0.53368163
0.53902655
0.53188709
0.52661301
0.51995535
0.51419811
0.51863198
0.52113729
0.50968027
0.51592831
0.51237235
0.50187410
0.50224841
0.49714609
0.50015369
0.49634231
0.49253652
0.48920896
0.48576510
0.49195165
0.48436514
0.48287617
0.48043721
0.48179982
0.47515442
0.47386228
0.47404001
0.47315365
0.47022855
0.46822976
0.46868398
0.46712042
0.46957752
0.46705423
0.46694045
0.46733286
0.46464845
0.46556725
0.46548118
0.45977046
0.46308859
0.46099522
0.46374196
0.46200701
0.46324691
0.46319689
0.45606188
0.45897639
0.46893630
0.47141647
0.46179280
0.46681618
0.47615375
0.46362865
0.46267905
0.46602318
0.46263027
0.46680452
0.46478152
0.46255693
0.46824648
0.47075432
0.47210768
0.47204865
0.47491524
0.47533394
0.47838330
0.47195651
0.47789645
0.47623541
0.47872434
0.48224139
0.48170244
0.48585135
0.48749640
0.49440823
0.49276881
0.49098065
0.48940203
0.49726597
0.49859830
0.49917931
0.49850322
0.50579024
0.50868803
0.50824649
0.51229763
0.51696344
0.51318528
0.51549374
0.52027525
0.52497931
0.52163451
0.52818719
0.53433498
0.53526902
0.53814080
0.53790601
0.53708562
0.53993858
0.54955298
0.54530831
0.54831787
0.55685174
0.55828878
0.56281396
0.56220679
0.56763659
0.56779702
0.57438369
0.56371644
0.57659637
0.58214059
0.57796828
0.57428416
0.57444112
0.58296980
0.58434099
0.59679563
0.58807789
0.58996343
0.59349847
0.59016976
0.59980405
0.59562643
0.60394873
0.59616854
0.60395279
0.60088229
0.61085676
0.60790740
0.61187144
0.60930680
0.60729531
0.60676817
0.60627028
0.61194373
0.60556097
0.61190161
0.61457007
0.60696700
0.61012968
0.61377556
0.60985263
0.60612262
0.61082184
0.60100955
0.61791470
0.61210415
0.60636403
0.60297841
0.61176360
0.60538863
0.60437316
0.60602313
0.60576823
0.60310624
0.60131945
0.59090779
0.59511095
0.59331143
0.59031190
0.58912025
0.59192606
0.58559661
0.58565606
0.59019956
0.58333359
0.58457589
0.57333578
0.57498867
0.57788566
0.56781973
0.57107875
0.56399857
0.56019564
0.56009000
0.55432548
0.54727171
0.55141318
0.54596193
0.54130504
0.54432879
0.54405851
0.53760941
0.53697875
0.53019516
0.53089131
0.52928076
0.52281534
0.52307041
0.52024388
0.51598640
0.51047096
0.51138881
0.50481181
0.50360579
0.49906070
0.50123094
0.49202228
0.49372430
0.49025738
0.48815841
0.48328468
0.48049058
0.47824733
0.47597006
0.47484110
0.47071639
0.47126279
0.46622092
0.46073309
0.45643060
0.46136323
0.45482875
0.45473363
0.44981121
0.45588371
0.45038266
0.44259263
0.44252910
0.44494614
0.43984693
0.44351059
0.43709914
0.43738068
0.43010999
0.43704599
0.43871469
0.43196552
0.42887185
0.42719167
0.43267557
0.42747497
0.42435345
0.42383555
0.42428882
0.42795552
0.42292452
0.42297928
0.42918616
0.42386787
0.42576353
0.42215477
0.42917256
0.42880417
0.42036474
0.42500131
0.42012369
0.42866483
0.42845238
0.42403892
0.42641065
0.42516551
0.42886877
0.42655274
0.42453951
0.43054634
0.43351373
0.43044735
0.42802829
0.43008972
0.43373169
0.43858426
0.43668428
0.43432179
0.43661489
0.43229507
0.43744383
0.43190401
0.43713737
0.44809621
0.44698751
0.45036826
0.45268141
0.45340900
0.45215834
0.45207818
0.45655282
0.45731249
0.45075922
0.46000962
0.45989877
0.46615957
0.47263421
0.46537931
0.47644418
0.47501028
0.47910701
0.48223785
0.48939888
0.48610132
0.49148205
0.49101505
0.49869361
0.49217981
0.49204966
0.50124079
0.50606591
0.51046527
0.51079447
0.51282079
0.50581968
0.51466293
0.51833146
0.52259020
0.52784770
0.52568073
0.52703602
0.52638227
0.53378155
0.54362467
0.53614718
0.53719885
0.54149124
0.54041948
0.54919496
0.54678040
0.55294904
0.55388530
0.54956754
0.56024140
0.55663973
0.56173281
0.55728649
0.56752571
0.56301192
0.56105390
0.56719428
0.56759423
0.56678355
0.57750463
0.56662421
0.56861567
0.57486574
0.57869957
0.57994444
0.58109475
0.57618328
0.57297318
0.57116575
0.57952884
0.57861805
