0.14146000
0.14284000
0.14756000
0.16172000
0.21478000
0.29586000
0.39300000
0.46834000
0.51234000
0.53516000
0.56166000
0.57926000
0.59022000
0.60240000
0.61752000
0.62546000
0.63158000
0.63850000
0.64826000
0.64844000
0.66050000
0.66512000
0.67270000
0.67436000
0.68104000
0.68222000
0.69076000
0.69510000
0.69580000
0.70096000
0.70216000
0.71132000
0.71204000
0.71232000
0.71388000
0.72162000
0.71960000
0.72558000
0.73090000
0.73234000
0.73700000
0.73882000
0.74082000
0.74178000
0.74330000
0.74666000
0.75014000
0.75024000
0.75548000
0.75338000
0.75806000
0.75764000
0.76156000
0.76216000
0.76372000
0.76448000
0.76524000
0.77032000
0.77268000
0.77468000
0.77220000
0.77574000
0.78038000
0.77638000
0.78188000
0.78180000
0.78208000
0.78142000
0.78758000
0.78912000
0.78674000
0.79178000
0.79098000
0.79294000
0.79354000
0.79400000
0.79394000
0.79494000
0.79746000
0.79550000
0.79782000
0.79836000
0.79968000
0.80086000
0.80326000
0.79986000
0.80340000
0.80366000
0.80166000
0.80420000
0.80228000
0.80526000
0.80464000
0.80548000
0.80582000
0.80436000
0.80594000
0.80486000
0.80610000
0.80522000
0.80276000
0.80614000
0.80588000
0.80412000
0.80662000
0.80462000
0.80784000
0.80444000
0.80452000
0.80486000
0.80698000
0.80680000
0.80580000
0.80450000
0.80552000
0.80400000
0.80514000
0.80472000
0.80434000
0.80244000
0.80336000
0.80244000
0.80104000
0.80062000
0.80174000
0.80234000
0.79988000
0.80212000
0.79758000
0.80122000
0.79764000
0.79804000
0.79460000
0.79618000
0.79756000
0.79430000
0.79498000
0.79236000
0.79326000
0.79354000
0.79446000
0.79234000
0.79148000
0.79020000
0.78722000
0.79106000
0.78816000
0.78918000
0.78272000
0.78566000
0.78744000
0.78474000
0.78656000
0.78446000
0.78028000
0.77928000
0.78250000
0.77822000
0.77870000
0.77570000
0.77934000
0.77852000
0.77610000
0.77586000
0.77516000
0.77392000
0.77540000
0.77244000
0.77372000
0.77292000
0.77392000
0.76864000
0.77356000
0.77022000
0.77214000
0.76836000
0.77072000
0.76570000
0.76656000
0.76428000
0.76804000
0.76606000
0.76754000
0.77166000
0.76698000
0.77010000
0.76644000
0.76556000
0.76726000
0.76796000
0.76836000
0.76548000
0.76554000
0.76646000
0.76750000
0.76452000
0.77004000
0.77112000
0.77092000
0.76930000
0.76724000
0.76858000
0.77162000
0.76924000
0.77324000
0.77146000
0.76928000
0.77216000
0.77266000
0.77784000
0.77412000
0.77522000
0.77376000
0.77638000
0.78064000
0.78134000
0.78102000
0.78058000
0.77866000
0.78236000
0.78102000
0.78478000
0.78524000
0.78370000
0.79056000
0.78474000
0.79152000
0.78642000
0.78956000
0.78638000
0.79342000
0.79084000
0.79418000
0.79676000
0.79602000
0.79644000
0.79644000
0.79692000
0.79810000
0.79616000
0.80236000
0.80174000
0.80498000
0.80474000
0.80644000
0.80778000
0.81066000
0.81042000
0.81110000
0.80942000
0.81250000
0.81424000
0.81698000
0.81600000
0.81680000
0.81760000
0.81950000
0.82130000
0.81980000
0.82274000
0.82446000
0.82490000
0.82830000
0.82516000
0.82550000
0.82812000
0.82772000
0.82908000
0.83058000
0.83098000
0.83318000
0.83206000
0.83132000
0.83550000
0.83654000
0.83554000
0.83476000
0.83606000
0.83640000
0.83800000
0.83804000
0.83940000
0.84070000
0.83998000
0.84044000
0.84216000
0.84216000
0.84082000
0.84330000
0.84274000
0.84310000
0.84316000
0.84152000
0.84334000
0.84252000
0.84350000
0.84558000
0.84404000
0.84572000
0.84394000
0.84624000
0.84308000
0.84332000
0.84664000
0.84414000
0.84256000
0.84154000
0.84530000
0.84294000
0.83970000
0.84238000
0.84558000
0.84358000
0.84414000
0.84298000
0.84486000
0.84378000
0.84420000
0.84270000
0.84108000
0.84004000
0.83906000
0.84132000
0.84014000
0.83926000
0.83958000
0.83896000
0.83908000
0.83798000
0.83744000
0.83652000
0.83710000
0.83594000
0.83546000
0.83542000
0.83638000
0.83366000
0.83168000
0.83082000
0.83226000
0.83060000
0.82980000
0.82854000
0.82822000
0.82680000
0.82750000
0.82556000
0.82628000
0.82350000
0.82476000
0.82346000
0.82132000
0.82234000
0.81990000
0.81974000
0.81946000
0.81936000
0.81490000
0.81746000
0.81762000
0.81414000
0.81242000
0.81092000
0.81238000
0.81048000
0.80942000
0.80928000
0.81078000
0.80846000
0.80580000
0.80718000
0.80694000
0.80876000
0.80428000
0.80530000
0.80134000
0.80502000
0.80380000
0.80264000
0.80426000
0.80210000
0.80058000
0.79832000
0.79872000
0.79734000
0.80010000
0.79710000
0.79930000
0.79526000
0.79742000
0.79864000
0.79864000
0.79700000
0.79596000
0.79872000
0.79476000
0.79536000
0.79636000
0.79798000
0.79548000
0.79806000
0.79858000
0.79568000
0.80110000
0.79444000
0.79604000
0.79930000
0.80078000
0.79804000
0.79932000
0.79766000
0.79762000
0.79978000
0.79928000
0.79944000
0.80288000
0.80104000
0.80416000
0.80344000
0.80216000
0.80204000
0.80560000
0.80634000
0.80360000
0.80534000
0.80568000
0.80748000
0.80970000
0.80846000
0.81080000
0.80926000
0.81028000
0.81376000
0.81438000
0.81616000
0.81522000
0.81506000
0.81724000
0.81834000
0.82150000
0.81862000
0.81996000
0.81942000
0.82308000
0.82354000
0.82440000
0.82474000
0.82416000
0.82726000
0.82746000
0.82990000
0.83170000
0.83080000
0.82994000
0.83482000
0.83138000
0.83512000
0.83560000
0.83560000
0.83606000
0.83762000
0.83848000
0.84052000
0.84168000
0.84076000
0.84102000
0.84086000
0.84420000
0.84528000
0.84550000
0.84524000
0.84736000
0.84824000
0.84758000
0.84660000
0.84796000
0.85184000
0.85130000
0.84976000
0.85292000
0.85108000
0.85222000
0.85450000
0.85628000
0.85374000
0.85224000
0.85428000
0.85592000
0.85524000
0.85476000
0.85602000
0.85750000
0.85602000
0.85534000
0.85692000
0.85824000
0.85756000
0.85526000
0.85636000
0.85758000
0.85710000
0.85654000
0.85466000
0.85720000
0.85652000
0.85652000
0.85710000
0.85724000
0.85638000
0.85710000
0.85644000
0.85672000
0.85652000
0.85714000
0.85444000
0.85518000
0.85562000
0.85440000
0.85386000
0.85528000
0.85346000
0.85264000
0.85446000
0.85290000
0.85242000
0.85150000
0.85370000
0.85306000
0.84950000
0.84816000
0.84900000
0.84772000
0.84894000
0.84768000
0.84822000
0.84506000
0.84666000
0.84852000
0.84538000
0.84558000
0.84322000
0.84144000
0.84438000
0.84068000
0.83918000
0.83584000
0.83934000
0.83584000
0.83544000
0.83632000
0.83520000
0.83078000
0.83412000
0.83296000
0.83302000
0.83058000
0.82868000
0.82916000
0.82900000
0.83192000
0.82668000
0.82604000
0.82440000
0.82304000
0.82356000
0.82480000
0.82492000
0.82390000
0.81940000
0.82096000
0.82186000
0.81900000
0.81884000
0.81848000
0.81944000
0.81422000
0.81434000
0.81862000
0.81432000
0.81448000
0.81254000
0.81354000
0.81204000
0.81440000
0.81468000
0.81206000
0.80920000
0.81136000
0.80860000
0.80976000
0.81022000
0.80922000
0.80958000
0.80876000
0.80722000
0.80668000
0.81080000
0.80850000
0.80842000
0.80796000
