3.53408808
2.14708756
2.12603573
2.11524321
2.06940286
2.00592220
1.85099963
1.64656717
1.50377891
1.40964639
1.32911174
1.28078643
1.22597958
1.19073014
1.16556052
1.13938633
1.11189491
1.09336328
1.07221489
1.05836908
1.03900313
1.01763690
1.01772240
0.99212903
0.97750534
0.97427037
0.95986241
0.94533332
0.93480475
0.92050118
0.91957902
0.90468088
0.89810753
0.89334206
0.88442850
0.86953750
0.87104919
0.86329635
0.85268659
0.84223409
0.84183409
0.83252901
0.82330988
0.80836410
0.80878840
0.79489735
0.79871491
0.80083369
0.78705523
0.78342476
0.77018398
0.76913285
0.76093058
0.75874406
0.74609309
0.74245527
0.74198848
0.73690521
0.73218297
0.72080247
0.71057193
0.71769375
0.71616868
0.70587888
0.70209478
0.69719010
0.68769493
0.69210156
0.68177554
0.68332046
0.67097442
0.67279401
0.66890325
0.66566032
0.67022097
0.65522542
0.65897705
0.65471070
0.65325185
0.64550297
0.64873341
0.64539182
0.64224472
0.64321910
0.63798615
0.63826453
0.63466708
0.63647838
0.63500841
0.62845088
0.63474865
0.62834061
0.62639135
0.62685726
0.62561983
0.62772086
0.62839410
0.62628160
0.63055622
0.63045821
0.63220683
0.62314793
0.62915903
0.62272031
0.61663484
0.62397983
0.62777434
0.62931018
0.62643917
0.62567631
0.62712387
0.62192138
0.62778867
0.63200549
0.63193337
0.62565224
0.63210525
0.62872170
0.63289480
0.62807041
0.64000881
0.63804437
0.63961031
0.63740096
0.63507461
0.64422412
0.63409498
0.64512910
0.64297824
0.65365709
0.64441283
0.64685965
0.64908431
0.65294104
0.65242412
0.65794148
0.66004561
0.65149569
0.65811105
0.65868231
0.66667723
0.66931947
0.66226483
0.67111709
0.66959293
0.66580761
0.67666018
0.68095143
0.67791822
0.68426739
0.67703205
0.68229630
0.68888163
0.68358023
0.69004354
0.68534916
0.68629844
0.69845963
0.70072693
0.69854295
0.70280861
0.71173393
0.70742837
0.70119067
0.70121916
0.70822874
0.70727325
0.70148674
0.71203241
0.71664581
0.72034717
0.71918608
0.71654375
0.71620335
0.72324479
0.71605460
0.72071316
0.72533642
0.72379619
0.71636932
0.72185378
0.72203655
0.72628211
0.72657655
0.72247828
0.72420423
0.73125906
0.72518188
0.72714942
0.72339408
0.72234795
0.72203887
0.71811972
0.71655814
0.72104777
0.72174234
0.71385178
0.71870297
0.71030924
0.71764810
0.71211568
0.70696481
0.70984626
0.71319853
0.71992905
0.70699224
0.70872309
0.71221985
0.70863582
0.70616744
0.70206021
0.68699253
0.69810248
0.69271272
0.68627092
0.69293199
0.68527819
0.68208321
0.68354695
0.67785768
0.67830481
0.67137861
0.67448513
0.66787411
0.66917596
0.66596343
0.65987516
0.65762023
0.65395046
0.65508893
0.65325857
0.64146747
0.64773871
0.64053403
0.64341966
0.62955190
0.62670317
0.62150996
0.62389255
0.62286792
0.61771982
0.61549093
0.61433579
0.61217669
0.61248168
0.60331833
0.60108455
0.59433771
0.59632537
0.58131121
0.58860303
0.58655253
0.57233137
0.57682611
0.57386324
0.56542736
0.56108365
0.56310637
0.56095367
0.55676021
0.55772416
0.55045261
0.54151990
0.54133221
0.54108516
0.53298911
0.54368247
0.53670911
0.53526436
0.52300384
0.52706930
0.52094505
0.52068185
0.52341476
0.51741446
0.51304445
0.50924311
0.51515440
0.51223424
0.50401465
0.50487667
0.50554919
0.50101475
0.50304975
0.50275124
0.49726365
0.49878936
0.49874249
0.49669496
0.49170160
0.48601719
0.49588715
0.49180309
0.48677466
0.49070989
0.49055776
0.48821799
0.48109967
0.48720527
0.48838362
0.49421468
0.49327941
0.48455572
0.49429637
0.49083171
0.48967622
0.49199498
0.48795256
0.48670370
0.48898161
0.48539773
0.48589403
0.49321654
0.49759036
0.49235818
0.49001845
0.49522795
0.49435750
0.49781501
0.49592241
0.49820190
0.49847389
0.49884919
0.50415836
0.50658612
0.50451413
0.50392054
0.50680666
0.50671372
0.50909901
0.51081741
0.51032796
0.51336326
0.51664921
0.51825060
0.51979784
0.52557687
0.52226929
0.53568333
0.52441780
0.52981045
0.53061138
0.52994872
0.53583271
0.54056041
0.54630953
0.54127090
0.55162069
0.55291990
0.55453249
0.55579332
0.55521131
0.56185042
0.56458353
0.56464729
0.57133536
0.56895382
0.57172151
0.57631387
0.58275664
0.58426221
0.58234926
0.59049192
0.58642449
0.59668629
0.59508593
0.59735434
0.59333400
0.59102300
0.60538620
0.60608838
0.60488998
0.60720769
0.60500454
0.62139102
0.61614265
0.61557119
0.62558865
0.61771037
0.62123346
0.62173150
0.62549462
0.62547922
0.62985775
0.62799747
0.61907062
0.62755127
0.63303898
0.62972057
0.63948293
0.63375788
0.63107678
0.63614869
0.63942298
0.63214855
0.63092433
0.62822404
0.63040432
0.63431986
0.63421161
0.63489170
0.62856588
0.63425540
0.63145940
0.63545414
0.63482271
0.62809950
0.62226604
0.63058664
0.62520337
0.62664747
0.63381285
0.62308327
0.61747391
0.61961317
0.62652614
0.62217126
0.62013209
0.62218425
0.61291633
0.61509057
0.61244416
0.59826553
0.60726497
0.60172533
0.60438582
0.59990423
0.59330062
0.59811521
0.59617511
0.59868361
0.59111644
0.58296162
0.57960458
0.58663677
0.57379277
0.57184005
0.57661619
0.56414710
0.56240268
0.56785673
0.56162771
0.56071774
0.55012630
0.54846185
0.54987127
0.54545593
0.54541650
0.54143286
0.53977971
0.53479315
0.53634601
0.53327435
0.52552388
0.52854745
0.51711677
0.51845373
0.52042731
0.50594936
0.51620364
0.50834874
0.50876668
0.50713855
0.49982024
0.49978824
0.49363236
0.48939976
0.49068418
0.48812220
0.48105888
0.47779040
0.48253235
0.47799628
0.48067702
0.47761418
0.47065486
0.46543714
0.46930153
0.46804905
0.46206319
0.46780046
0.46786798
0.46690723
0.46231808
0.45782562
0.45920146
0.46228803
0.45595649
0.45502937
0.45939690
0.45670082
0.45415967
0.44952907
0.45312193
0.45423958
0.44839293
0.44904156
0.44711803
0.45512000
0.44898880
0.44792844
0.45140319
0.44929277
0.44958657
0.44696825
0.45069586
0.45800973
0.45433441
0.45410680
0.44649688
0.45251086
0.45221394
0.45426662
0.45327027
0.45727749
0.45928971
0.45275555
0.45868776
0.45793681
0.46004018
0.45110012
0.45803815
0.45895137
0.46576684
0.45910691
0.46808985
0.46974642
0.46328658
0.46779294
0.47014151
0.47164875
0.47917080
0.47412673
0.48564260
0.48278770
0.47662357
0.48733348
0.48502237
0.48933276
0.48610536
0.48779180
0.49345112
0.50171543
0.49692569
0.50129316
0.49810847
0.50390464
0.50512510
0.51325931
0.51060097
0.50968735
0.51994729
0.51744936
0.52019825
0.52402911
0.52576475
0.52995490
0.52839059
0.52766443
0.53677733
0.54789548
0.54249661
0.54971486
0.55098557
0.54446379
0.54701500
0.55561955
0.55644439
0.56341892
0.55937275
0.56246774
0.56146524
0.57094283
0.56463079
0.57390568
0.57424422
0.57607839
0.57294839
0.57011065
0.58399759
0.58032796
0.58444050
0.58665739
0.58793408
0.58754165
0.59056551
0.59564735
0.58232895
0.58550721
0.59414074
0.59753781
0.59280713
0.59084500
0.59775915
0.59094504
0.59419234
0.59266653
0.59692868
0.59278458
0.59087206
